992 5088
512 1504
416 5376
576 1344
576 1376
288 5664
320 6368
384 5920
512 6560
512 5952
480 1280
480 6592
576 6144
640 6528
480 2336
96 128
64 640
96 1248
192 992
352 768
352 896
1120 5152
448 64
64 1888
864 1408
736 1024
736 448
736 160
832 96
896 96
960 224
992 768
864 4832
960 1120
928 1216
576 544
544 384
608 0
608 288
768 2848
832 3232
896 3392
928 3328
704 3744
960 2848
960 2368
928 2208
864 960
800 512
736 1984
672 2432
768 1920
832 2080
416 2400
1184 4928
384 2784
928 5696
768 5312
864 5344
992 6048
1152 5728
1120 5600
1184 5856
1120 6304
1152 6400
800 4704
1056 6240
992 6336
896 6176
832 6496
992 6080
768 4224
800 4736
1152 4992
832 4320
1184 5216
960 4640
928 4096
1024 3808
864 4128
896 4064
704 3808
704 4256
800 4512
800 4608
832 4800
1056 4768
1088 4768
960 5504
1056 5440
1120 4864
896 4896
800 3840
1152 4864
1216 4928
960 4960
960 4288
640 4416
672 3008
480 2112
544 1056
512 1312
384 1824
544 1536
736 5056
512 4576
448 2944
512 3296
672 1440
672 1760
512 1856
672 3264
512 2720
512 2624
352 3168
448 3072
384 1632
416 3040
384 3200
288 2592
352 2464
320 2304
384 1088
320 864
256 832
224 1600
256 1184
192 3360
160 352
768 3616
288 672
224 576
256 32
288 2656
288 2880
288 3456
288 3680
288 3552
544 5248
640 5568
640 2560
640 5632
736 5888
640 6208
576 5536
384 3872
352 4192
416 4480
640 3904
160 3584
224 3776
608 2016
320 5024
160 4672
128 4160
96 3488
256 1952
160 2240
96 3104
512 3424
544 4000
416 5408
576 2272
672 5760
672 5824
544 5120
544 5184
160 3936
288 4352
288 4448
128 4544
384 3648
352 3712
352 5280
544 1152
320 6016
480 6272
416 1792
640 1472
416 1696
64 416
192 928
448 480
192 256
544 2496
544 2528
672 320
544 608
640 800
768 3136
864 1728
416 2912
608 2752
480 2976
576 2688
864 5472
1088 6464
928 5792
864 6432
992 6112
992 5984
736 4384
736 4032
544 3520
672 2816
512 2176
448 3968
480 2144
608 2048
256 1664
256 1568
224 736
224 704
256 192

